






b4 c8 d6 3f 00 00 80 3f 00 00 80 3f 0a d7 a3 3d 00 00 00 00 00 00 5c 43 00 00 90 42 00 00 b4 42 96 00 00 00 00 00 00 00 00 00 00 3f 00 00 80 3e 00 00 00 00 04 00 00 00 00 00 80 3f 00 00 20 41 00 00 34 42 01 00 00 00 01 00 00 00 00 00 00 00 00 00 00 00 00 00 80 3f 8f c2 35 3f 9a 99 99 3f 00 00 80 3f 00 00 00 00 00 00 80 3f 00 00 80 3f 00 00 80 3f 00 00 00 00 00 00 00 00 00 00 00 3f 00 00 00 00 00 00 00 00 00 00 00 00 00 00 80 3f 00 00 80 3f                                      

New:

b4 c8 d6 3f 00 00 80 3f 00 00 80 3f 0a d7 a3 3d 00 00 00 00 00 00 5c 43 00 00 90 42 00 00 b4 42 96 00 00 00 00 00 00 00 00 00 00 3c 00 00 80 3c 00 00 00 00 04 00 00 00 00 00 80 3f 00 00 20 41 00 00 34 42 01 00 00 00 01 00 00 00 00 00 00 00 00 00 00 00 00 00 80 3f 8f c2 35 3f 9a 99 99 3f 00 00 80 3f 00 00 00 00 00 00 80 3f 00 00 80 3f 00 00 80 3f 00 00 00 00 00 00 00 00 00 00 00 3f 00 00 00 00 00 00 00 00 00 00 00 00 00 00 80 3f 00 00 80 3f



















1.0










